    Star     Nobs  Nnight  <err> RMS_all <RMS_nightly>
    101501    75    36     0.40   4.65      2.52
    103095    22    14     0.40   0.95      0.05
     10476   138    48     0.30   0.92      0.00
    105631    15     7     0.37   5.13      0.38
     10700   184    36     0.38   1.59      0.63
    110897    45    15     0.49   1.81      1.12
    115617    14     6     0.28   2.36      0.15
    117043    51    26     0.29   1.06      0.19
    122064    35    19     0.33   1.18      0.21
    126053     2     1     0.00   0.47      0.47
    127334    31    13     0.25   0.76      0.41
    136923     8     4     0.27   1.77      0.38
    141004    48    18     0.41   4.87      1.00
    143761    13     7     0.45  48.58      1.46
    146233    25    14     0.42   1.59      0.92
    154345    25    12     0.37   1.94      0.79
    157214    75    32     0.43   1.60      0.55
    157347    29    15     0.30   0.83      0.16
    158259     6     3     0.28   0.78      0.02
    158633    37    17     0.32   1.13      0.37
     16160    18     7     0.48  11.68      0.64
    161797    80     6     0.35  16.67      2.55
    164922    12     7     0.28   2.87      0.79
    166620    32    14     0.30   0.60      0.22
    168009    12     6     0.38   2.20      0.50
    182488    51    22     0.29   2.36      0.75
    185144    79    33     0.35   1.31      0.86
    186408    60    26     0.39   2.00      0.10
    186427    56    24     0.37  23.69      0.33
     18803    35    21     0.33   1.81      0.07
    190404     5     3     0.17   0.50      0.12
    190406    30    17     0.55  13.61      0.43
    193664    20    12     0.21   0.39      0.04
    197076    28    15     0.40   2.82      0.37
    199960     6     3     0.12   0.61      0.09
    217014    51    22     0.37  43.48      1.54
    218868    54    31     0.36   2.93      0.58
    219134   156    56     0.36   4.66      0.34
     22049   223    52     0.38   6.62      0.46
    221354    45    24     0.33   1.50      0.17
     26965   125    41     0.35   3.04      0.09
     30589    34    15     0.95   7.15      0.05
     32147    46    17     0.33   0.71      0.51
     34411   238    75     0.36   1.59      1.69
      3651   139    52     0.31  10.82      0.39
     37394    18     6     0.37  11.86      0.47
     38858    74    23     0.32   1.14      0.36
      4628   150    54     0.38   1.94      0.46
     50692   145    52     0.42   1.65      0.72
     52711    69    28     0.33   0.68      0.19
     55575   108    39     0.41   1.27      0.46
     71148    95    33     0.36   1.43      0.75
     75732   265    65     0.33  53.42      0.42
     76151     7     2     0.16   0.62      0.82
     84737   134    45     0.35   1.91      0.66
     86728   101    36     0.34   1.97      0.06
     89269    43    17     0.35   1.26      0.68
      9407    67    32     0.31   0.94      0.54
     95128   151    52     0.39  22.79      0.61
     99491    13     6     0.33   5.26      0.11
     99492     7     3     0.27   0.82      0.37
